1_data/noronha/GEBCO_2020/gebco_2020_n-3.75_s-3.95_w-32.65_e-32.3.asc
ncols        84
nrows        48
xllcorner    -32.650000000000
yllcorner    -3.950000000000
cellsize     0.004166666667
NODATA_value -32767
[rows 0 to 35 of 48, columns 0 to 82 of 84]
-3216 -3182 -3152 -3124 -3097 -3072 -3050 -3029 -3011 -2992 -2976 -2960 -2947 -2934 -2922 -2910 -2900 -2890 -2881 -2872 -2863 -2855 -2846 -2837 -2827 -2817 -2805 -2793 -2778 -2763 -2743 -2722 -2690 -2655 -2612 -2567 -2517 -2465 -2408 -2347 -2282 -2215 -2146 -2076 -2003 -1930 -1861 -1797 -1744 -1702 -1667 -1639 -1610 -1577 -1541 -1498 -1457 -1421 -1391 -1375 -1363 -1362 -1366 -1388 -1417 -1483 -1551 -1632 -1712 -1788 -1864 -1935 -2006 -2070 -2135 -2186 -2237 -2279 -2320 -2366 -2413 -2468 -2525
-3161 -3127 -3098 -3069 -3043 -3018 -2997 -2976 -2958 -2940 -2924 -2908 -2895 -2882 -2870 -2857 -2846 -2835 -2825 -2815 -2805 -2794 -2784 -2773 -2762 -2750 -2736 -2722 -2705 -2689 -2667 -2645 -2614 -2579 -2538 -2495 -2446 -2395 -2338 -2277 -2212 -2145 -2075 -2003 -1930 -1855 -1783 -1716 -1656 -1605 -1558 -1518 -1477 -1437 -1396 -1354 -1314 -1280 -1251 -1239 -1230 -1233 -1241 -1266 -1298 -1366 -1434 -1516 -1597 -1674 -1750 -1822 -1894 -1960 -2026 -2079 -2132 -2176 -2219 -2269 -2319 -2379 -2441
-3106 -3072 -3043 -3015 -2989 -2964 -2943 -2923 -2905 -2888 -2872 -2857 -2844 -2830 -2818 -2805 -2793 -2781 -2769 -2758 -2746 -2734 -2722 -2709 -2696 -2683 -2667 -2651 -2633 -2614 -2592 -2569 -2538 -2504 -2465 -2423 -2375 -2326 -2268 -2207 -2142 -2074 -2004 -1932 -1857 -1781 -1706 -1635 -1568 -1508 -1450 -1397 -1345 -1296 -1250 -1209 -1171 -1139 -1112 -1103 -1097 -1105 -1116 -1145 -1179 -1248 -1318 -1400 -1481 -1559 -1636 -1709 -1782 -1849 -1916 -1971 -2026 -2073 -2119 -2171 -2225 -2290 -2357
-3047 -3012 -2984 -2957 -2931 -2908 -2887 -2868 -2851 -2835 -2819 -2805 -2792 -2779 -2766 -2753 -2740 -2727 -2714 -2701 -2688 -2675 -2661 -2646 -2631 -2616 -2599 -2581 -2562 -2542 -2519 -2495 -2465 -2433 -2395 -2355 -2309 -2260 -2203 -2143 -2077 -2010 -1939 -1867 -1792 -1715 -1638 -1563 -1489 -1417 -1347 -1278 -1213 -1154 -1103 -1065 -1030 -1000 -977 -972 -970 -982 -998 -1029 -1066 -1134 -1203 -1282 -1362 -1439 -1515 -1589 -1663 -1731 -1800 -1858 -1915 -1966 -2015 -2073 -2131 -2202 -2275
-2988 -2953 -2925 -2899 -2874 -2851 -2832 -2813 -2797 -2782 -2767 -2752 -2740 -2727 -2714 -2701 -2687 -2674 -2659 -2645 -2630 -2616 -2600 -2584 -2567 -2550 -2531 -2512 -2491 -2470 -2446 -2422 -2392 -2361 -2325 -2287 -2242 -2194 -2138 -2078 -2013 -1945 -1874 -1802 -1726 -1648 -1570 -1490 -1409 -1327 -1243 -1159 -1081 -1013 -956 -921 -889 -862 -842 -841 -843 -860 -879 -914 -953 -1020 -1088 -1165 -1243 -1319 -1395 -1469 -1543 -1613 -1683 -1744 -1804 -1859 -1912 -1974 -2037 -2113 -2192
-2922 -2888 -2861 -2836 -2813 -2791 -2773 -2756 -2742 -2728 -2714 -2701 -2689 -2677 -2664 -2651 -2637 -2623 -2608 -2593 -2577 -2561 -2543 -2525 -2507 -2488 -2467 -2447 -2424 -2402 -2377 -2351 -2322 -2291 -2255 -2219 -2175 -2127 -2071 -2010 -1944 -1874 -1802 -1728 -1651 -1570 -1489 -1405 -1318 -1227 -1135 -1040 -954 -880 -820 -788 -759 -737 -720 -721 -726 -744 -766 -802 -842 -907 -974 -1050 -1127 -1203 -1279 -1354 -1430 -1502 -1575 -1640 -1705 -1766 -1826 -1894 -1963 -2044 -2127
-2857 -2823 -2798 -2774 -2752 -2732 -2715 -2700 -2687 -2674 -2661 -2649 -2638 -2626 -2614 -2602 -2587 -2573 -2556 -2540 -2523 -2506 -2486 -2467 -2447 -2426 -2404 -2381 -2357 -2333 -2307 -2280 -2251 -2221 -2186 -2151 -2107 -2060 -2004 -1942 -1874 -1804 -1730 -1655 -1575 -1492 -1407 -1320 -1227 -1128 -1027 -922 -826 -746 -684 -656 -630 -611 -597 -601 -608 -629 -653 -690 -730 -795 -861 -936 -1011 -1087 -1162 -1239 -1316 -1391 -1467 -1537 -1606 -1673 -1740 -1813 -1888 -1974 -2062
-2783 -2750 -2727 -2705 -2686 -2668 -2654 -2641 -2630 -2619 -2609 -2598 -2588 -2578 -2567 -2556 -2541 -2526 -2510 -2493 -2474 -2456 -2435 -2414 -2392 -2370 -2346 -2321 -2295 -2269 -2241 -2213 -2183 -2152 -2118 -2083 -2039 -1991 -1933 -1869 -1799 -1726 -1649 -1569 -1486 -1398 -1309 -1217 -1119 -1017 -911 -803 -705 -624 -562 -539 -518 -502 -492 -496 -504 -524 -546 -582 -621 -685 -750 -824 -899 -976 -1053 -1132 -1211 -1290 -1369 -1446 -1523 -1600 -1676 -1757 -1839 -1929 -2020
-2708 -2677 -2656 -2637 -2620 -2604 -2592 -2582 -2573 -2565 -2556 -2547 -2539 -2530 -2520 -2509 -2495 -2480 -2463 -2445 -2426 -2407 -2385 -2362 -2338 -2314 -2288 -2261 -2233 -2205 -2175 -2146 -2115 -2084 -2050 -2015 -1971 -1922 -1862 -1797 -1724 -1648 -1567 -1484 -1396 -1304 -1210 -1113 -1012 -905 -796 -684 -583 -501 -441 -422 -406 -394 -386 -392 -400 -419 -440 -474 -512 -575 -639 -713 -788 -865 -943 -1024 -1105 -1189 -1272 -1356 -1441 -1527 -1613 -1702 -1791 -1885 -1979
-2631 -2601 -2583 -2567 -2552 -2539 -2530 -2522 -2516 -2510 -2503 -2497 -2490 -2482 -2473 -2464 -2450 -2435 -2417 -2400 -2380 -2360 -2336 -2311 -2286 -2260 -2232 -2203 -2173 -2142 -2111 -2079 -2048 -2017 -1982 -1947 -1902 -1853 -1791 -1722 -1647 -1567 -1482 -1395 -1302 -1204 -1105 -1004 -899 -789 -678 -565 -464 -383 -325 -311 -299 -291 -286 -292 -300 -317 -336 -368 -404 -466 -529 -603 -677 -756 -835 -919 -1003 -1090 -1178 -1270 -1363 -1460 -1557 -1654 -1751 -1848 -1946
-2554 -2525 -2510 -2496 -2484 -2474 -2468 -2462 -2458 -2455 -2451 -2446 -2441 -2435 -2427 -2418 -2405 -2390 -2372 -2354 -2333 -2313 -2287 -2261 -2234 -2206 -2176 -2145 -2113 -2080 -2046 -2013 -1981 -1949 -1915 -1880 -1834 -1783 -1719 -1648 -1570 -1486 -1398 -1305 -1207 -1104 -1000 -894 -785 -673 -560 -446 -344 -264 -208 -200 -193 -188 -187 -193 -201 -215 -232 -261 -295 -356 -419 -493 -567 -647 -728 -814 -900 -992 -1084 -1185 -1286 -1394 -1502 -1607 -1712 -1813 -1913
-2463 -2437 -2427 -2417 -2410 -2404 -2401 -2399 -2398 -2398 -2397 -2395 -2391 -2387 -2381 -2374 -2360 -2346 -2327 -2309 -2287 -2266 -2239 -2212 -2183 -2154 -2122 -2089 -2053 -2016 -1979 -1943 -1908 -1874 -1838 -1801 -1755 -1704 -1641 -1572 -1495 -1413 -1324 -1231 -1131 -1023 -916 -809 -701 -592 -484 -376 -281 -206 -155 -148 -142 -139 -138 -143 -149 -159 -173 -199 -230 -288 -348 -421 -494 -575 -655 -745 -834 -931 -1027 -1132 -1237 -1349 -1462 -1570 -1679 -1781 -1882
-2371 -2348 -2342 -2337 -2334 -2332 -2333 -2335 -2338 -2341 -2342 -2343 -2342 -2340 -2335 -2330 -2316 -2302 -2283 -2263 -2241 -2219 -2191 -2163 -2133 -2103 -2068 -2032 -1992 -1952 -1912 -1872 -1834 -1797 -1759 -1721 -1674 -1624 -1562 -1495 -1420 -1341 -1253 -1159 -1056 -945 -835 -726 -619 -515 -412 -312 -224 -155 -108 -102 -98 -96 -94 -97 -101 -108 -118 -141 -169 -225 -282 -353 -424 -506 -587 -680 -773 -873 -973 -1082 -1192 -1307 -1423 -1535 -1645 -1749 -1851
-2274 -2253 -2253 -2254 -2256 -2259 -2264 -2270 -2277 -2283 -2287 -2291 -2292 -2292 -2289 -2286 -2272 -2258 -2238 -2218 -2195 -2172 -2143 -2115 -2084 -2052 -2014 -1976 -1932 -1888 -1843 -1799 -1758 -1717 -1677 -1637 -1590 -1539 -1481 -1417 -1347 -1272 -1186 -1093 -989 -874 -763 -654 -550 -453 -359 -271 -192 -131 -89 -84 -79 -76 -74 -74 -76 -81 -89 -106 -129 -180 -233 -302 -371 -453 -535 -631 -727 -832 -936 -1047 -1159 -1275 -1391 -1504 -1615 -1719 -1822
-2175 -2157 -2163 -2170 -2177 -2185 -2195 -2204 -2215 -2225 -2232 -2239 -2242 -2245 -2244 -2242 -2228 -2215 -2194 -2173 -2149 -2125 -2096 -2067 -2034 -2002 -1961 -1920 -1872 -1823 -1774 -1725 -1680 -1637 -1594 -1551 -1504 -1454 -1398 -1339 -1274 -1204 -1121 -1029 -923 -805 -692 -583 -483 -393 -309 -232 -165 -111 -74 -69 -64 -60 -56 -54 -54 -58 -64 -75 -92 -139 -188 -254 -320 -403 -485 -585 -684 -793 -901 -1015 -1128 -1244 -1361 -1473 -1585 -1689 -1792
-2079 -2063 -2073 -2083 -2093 -2105 -2117 -2130 -2143 -2155 -2166 -2175 -2180 -2184 -2185 -2185 -2172 -2159 -2138 -2117 -2092 -2068 -2039 -2009 -1975 -1942 -1899 -1856 -1805 -1753 -1701 -1649 -1601 -1554 -1509 -1464 -1416 -1366 -1312 -1256 -1194 -1128 -1048 -957 -852 -735 -623 -516 -421 -339 -263 -198 -140 -94 -62 -57 -52 -47 -43 -39 -37 -38 -42 -51 -66 -108 -152 -214 -278 -359 -442 -544 -646 -757 -869 -983 -1098 -1214 -1331 -1443 -1555 -1660 -1764
-1984 -1969 -1982 -1995 -2008 -2022 -2038 -2053 -2069 -2084 -2096 -2108 -2115 -2121 -2124 -2125 -2113 -2101 -2079 -2058 -2034 -2009 -1979 -1949 -1915 -1880 -1836 -1790 -1737 -1682 -1627 -1571 -1520 -1471 -1423 -1376 -1327 -1278 -1225 -1172 -1113 -1050 -973 -885 -781 -664 -553 -450 -360 -285 -219 -165 -116 -78 -51 -45 -40 -35 -30 -25 -21 -20 -21 -29 -42 -80 -119 -177 -237 -318 -400 -504 -608 -722 -836 -952 -1068 -1184 -1301 -1413 -1525 -1630 -1735
-1894 -1877 -1890 -1903 -1916 -1931 -1947 -1963 -1980 -1996 -2010 -2023 -2031 -2040 -2043 -2046 -2035 -2024 -2004 -1984 -1960 -1937 -1906 -1875 -1839 -1804 -1759 -1712 -1658 -1602 -1546 -1489 -1436 -1385 -1335 -1286 -1236 -1185 -1133 -1080 -1022 -961 -886 -801 -701 -589 -485 -387 -304 -238 -180 -135 -95 -62 -39 -34 -29 -25 -20 -17 -13 -11 -11 -19 -30 -62 -96 -150 -206 -285 -366 -470 -575 -690 -805 -921 -1037 -1154 -1270 -1383 -1495 -1601 -1706
-1805 -1786 -1798 -1809 -1822 -1836 -1853 -1869 -1887 -1904 -1919 -1933 -1943 -1952 -1958 -1962 -1953 -1943 -1925 -1906 -1883 -1860 -1828 -1797 -1761 -1724 -1678 -1631 -1576 -1520 -1463 -1405 -1351 -1298 -1246 -1195 -1144 -1092 -1039 -986 -928 -869 -796 -714 -620 -514 -416 -326 -250 -192 -143 -106 -74 -47 -28 -24 -19 -15 -12 -10 -8 -6 -5 -11 -20 -47 -76 -126 -177 -255 -334 -438 -543 -658 -774 -890 -1007 -1123 -1240 -1353 -1465 -1573 -1678
-1719 -1697 -1705 -1714 -1725 -1737 -1753 -1769 -1787 -1804 -1819 -1834 -1846 -1856 -1863 -1869 -1861 -1854 -1837 -1820 -1798 -1776 -1744 -1712 -1675 -1638 -1592 -1544 -1490 -1434 -1377 -1319 -1264 -1210 -1156 -1103 -1050 -996 -942 -888 -830 -771 -701 -623 -535 -438 -348 -266 -199 -148 -108 -79 -54 -34 -20 -16 -12 -9 -7 -7 -6 -3 -3 -7 -15 -37 -61 -106 -153 -229 -305 -409 -512 -628 -743 -860 -976 -1093 -1209 -1323 -1436 -1544 -1651
-1633 -1607 -1612 -1618 -1627 -1637 -1651 -1667 -1684 -1701 -1717 -1733 -1745 -1757 -1766 -1773 -1767 -1761 -1747 -1732 -1711 -1691 -1658 -1625 -1587 -1549 -1503 -1456 -1402 -1347 -1290 -1233 -1177 -1121 -1066 -1011 -956 -900 -845 -789 -731 -671 -603 -530 -448 -361 -280 -207 -148 -106 -73 -53 -35 -21 -11 -9 -6 -4 -3 16 1209 -1 -1 -5 -10 -27 -47 -88 -131 -204 -278 -381 -483 -598 -713 -829 -945 -1062 -1179 -1293 -1406 -1515 -1623
-1549 -1517 -1515 -1516 -1520 -1527 -1540 -1554 -1572 -1590 -1607 -1624 -1638 -1653 -1663 -1672 -1668 -1663 -1650 -1637 -1617 -1597 -1564 -1531 -1493 -1455 -1410 -1364 -1312 -1259 -1204 -1148 -1093 -1038 -982 -926 -871 -815 -758 -702 -643 -584 -519 -450 -376 -297 -226 -161 -110 -75 -49 -34 -24 -16 -9 -7 -5 -3 -2 1863 905 0 -1 -3 -8 -22 -39 -77 -118 -190 -263 -365 -467 -581 -696 -812 -929 -1046 -1163 -1277 -1390 -1498 -1605
-1465 -1426 -1417 -1411 -1410 -1413 -1424 -1438 -1456 -1475 -1493 -1512 -1529 -1545 -1558 -1568 -1566 -1563 -1551 -1539 -1520 -1500 -1467 -1434 -1396 -1358 -1315 -1270 -1221 -1170 -1118 -1065 -1011 -957 -901 -846 -789 -733 -676 -619 -561 -502 -440 -375 -309 -240 -178 -121 -78 -49 -28 -19 -13 794 97 61 77 83 82 82 944 0 0 -2 -6 -18 -33 -70 -109 -180 -252 -354 -456 -570 -685 -802 -918 -1035 -1153 -1266 -1379 -1486 -1591
-1382 -1335 -1316 -1301 -1293 -1291 -1301 -1313 -1333 -1354 -1374 -1394 -1415 -1434 -1449 -1462 -1461 -1459 -1448 -1436 -1417 -1398 -1365 -1332 -1295 -1258 -1217 -1175 -1129 -1082 -1034 -984 -933 -880 -826 -772 -717 -661 -604 -547 -489 -431 -372 -313 -254 -195 -142 -94 -57 -35 -20 -14 -9 50 91 82 99 103 86 110 992 0 0 -2 -5 -17 -32 -68 -107 -179 -251 -353 -456 -571 -686 -803 -920 -1037 -1155 -1267 -1379 -1483 -1586
-1299 -1243 -1213 -1189 -1173 -1165 -1173 -1185 -1207 -1229 -1252 -1275 -1298 -1321 -1339 -1355 -1355 -1354 -1342 -1331 -1312 -1293 -1260 -1228 -1192 -1156 -1117 -1078 -1037 -994 -950 -905 -856 -807 -755 -702 -648 -593 -537 -481 -424 -367 -311 -257 -205 -156 -112 -72 -43 -27 -17 54 58 54 61 75 59 44 34 60 53 0 0 -2 -5 -18 -33 -70 -109 -182 -255 -358 -461 -577 -694 -811 -929 -1046 -1163 -1274 -1385 -1486 -1585
-1216 -1151 -1111 -1076 -1054 -1040 -1046 -1057 -1081 -1105 -1131 -1157 -1184 -1211 -1232 -1251 -1252 -1252 -1241 -1228 -1210 -1191 -1160 -1128 -1094 -1060 -1025 -989 -952 -914 -875 -834 -789 -743 -693 -642 -590 -537 -482 -427 -371 -316 -264 -214 -169 -128 -91 -59 -37 -25 -15 65 57 52 52 60 85 49 17 34 729 0 0 -2 -6 -19 -35 -74 -115 -188 -263 -367 -472 -589 -707 -825 -944 -1061 -1179 -1289 -1399 -1497 -1593
-1133 -1058 -1008 -964 -935 -915 -920 -930 -956 -982 -1011 -1040 -1072 -1102 -1127 -1149 -1152 -1153 -1141 -1128 -1110 -1091 -1061 -1032 -1000 -968 -936 -904 -871 -839 -804 -769 -727 -684 -637 -589 -539 -488 -435 -380 -327 -273 -225 -180 -141 -107 -77 -50 -35 90 85 65 43 45 41 69 90 0 0 0 0 0 0 -3 -7 -22 -39 -79 -122 -197 -273 -379 -486 -605 -724 -844 -963 -1081 -1199 -1309 -1418 -1513 -1606
-1049 -967 -907 -856 -820 -796 -799 -809 -837 -865 -896 -929 -966 -1002 -1030 -1057 -1060 -1063 -1051 -1038 -1020 -1002 -974 -947 -918 -889 -861 -834 -807 -780 -750 -720 -682 -642 -598 -552 -504 -455 -405 -353 -302 -251 -206 -165 -131 -102 -75 -48 -34 122 74 42 37 24 15 53 20 0 0 0 0 0 -1 -4 -9 -25 -44 -87 -131 -208 -286 -395 -504 -625 -746 -868 -990 -1109 -1228 -1338 -1446 -1540 -1631
-963 -875 -808 -749 -708 -680 -683 -692 -722 -752 -786 -822 -865 -906 -940 -970 -976 -980 -967 -954 -937 -920 -895 -871 -846 -821 -797 -774 -753 -732 -707 -682 -648 -611 -570 -526 -481 -435 -388 -339 -292 -244 -203 -165 -134 -109 -81 -50 -34 82 36 19 34 2365 5 2044 1418 0 0 0 0 0 -1 -5 -11 -29 -51 -95 -142 -221 -302 -413 -525 -649 -773 -897 -1021 -1142 -1263 -1373 -1482 -1576 -1665
-877 -784 -710 -646 -600 -569 -571 -580 -611 -643 -681 -721 -769 -817 -855 -890 -898 -904 -891 -877 -861 -845 -824 -804 -783 -763 -745 -727 -711 -695 -676 -656 -626 -593 -554 -513 -471 -428 -384 -340 -296 -253 -215 -180 -151 -128 -100 -61 -35 975 1251 1516 12 18 2245 1585 738 0 0 0 0 0 -1 -6 -13 -34 -58 -105 -154 -236 -320 -434 -549 -676 -804 -931 -1057 -1181 -1304 -1416 -1526 -1619 -1709
-790 -692 -613 -544 -495 -461 -462 -471 -504 -538 -579 -623 -678 -732 -776 -816 -825 -833 -820 -807 -792 -777 -761 -745 -729 -714 -701 -689 -679 -669 -656 -641 -615 -585 -549 -510 -471 -432 -393 -353 -314 -275 -240 -207 -179 -156 -137 -15 315 -40 -34 -18 -8 8 1480 0 0 0 0 0 0 0 -1 -7 -15 -39 -66 -116 -168 -253 -339 -458 -576 -707 -839 -969 -1098 -1224 -1350 -1464 -1576 -1670 -1760
-714 -613 -530 -458 -406 -370 -372 -382 -416 -452 -496 -544 -604 -663 -712 -757 -768 -778 -766 -754 -741 -728 -716 -704 -694 -683 -676 -669 -664 -660 -652 -642 -620 -594 -561 -525 -490 -455 -419 -384 -349 -314 -281 -249 -220 -195 -182 -40 138 -68 -49 -29 -17 840 777 -2 -1 0 0 0 0 0 -2 -10 -20 -48 -78 -130 -185 -274 -363 -485 -607 -742 -877 -1009 -1142 -1270 -1397 -1513 -1626 -1721 -1812
-647 -545 -460 -385 -333 -297 -299 -310 -346 -385 -433 -483 -548 -611 -664 -712 -726 -739 -728 -718 -708 -697 -690 -683 -677 -672 -669 -667 -667 -668 -664 -659 -641 -619 -590 -558 -527 -495 -464 -433 -401 -370 -338 -306 -274 -242 -217 -194 -153 -109 -78 -52 -32 -22 -11 -5 -2 -1 0 0 0 -1 -3 -13 -27 -58 -92 -148 -206 -298 -390 -515 -641 -779 -918 -1053 -1188 -1317 -1445 -1562 -1677 -1772 -1864
-601 -499 -414 -340 -289 -254 -259 -272 -312 -354 -404 -457 -523 -588 -642 -692 -710 -725 -718 -711 -705 -699 -696 -693 -692 -691 -692 -694 -698 -703 -702 -701 -687 -670 -646 -619 -592 -565 -537 -509 -480 -451 -419 -386 -350 -312 -274 -236 -198 -159 -123 -88 -59 -38 -21 -14 -8 -4 -2 -2 -2 -4 -8 -21 -38 -74 -113 -172 -234 -328 -423 -552 -681 -822 -964 -1100 -1236 -1364 -1492 -1609 -1724 -1820 -1913
-578 -479 -397 -327 -278 -247 -256 -273 -317 -362 -414 -469 -534 -597 -651 -702 -722 -742 -741 -739 -739 -738 -739 -741 -743 -746 -750 -755 -762 -768 -771 -772 -763 -751 -733 -712 -690 -667 -643 -617 -590 -561 -528 -492 -452 -408 -364 -320 -275 -229 -184 -140 -101 -69 -43 -29 -17 -10 -5 -5 -5 -9 -16 -34 -55 -97 -141 -204 -269 -366 -463 -595 -727 -871 -1015 -1150 -1286 -1413 -1538 -1654 -1767 -1864 -1957
-567 -473 -394 -328 -283 -256 -269 -291 -339 -387 -441 -496 -559 -620 -673 -723 -748 -771 -776 -781 -786 -791 -796 -802 -808 -814 -821 -828 -836 -844 -849 -854 -849 -843 -830 -816 -799 -781 -759 -736 -709 -680 -646 -608 -563 -514 -463 -413 -361 -308 -255 -202 -153 -111 -76 -56 -38 -26 -17 -16 -17 -24 -34 -56 -81 -128 -176 -242 -310 -410 -510 -644 -779 -924 -1070 -1205 -1339 -1463 -1586 -1699 -1811 -1908 -2001
